1000 0 0 0 0 0 0 0 0 0 0
13.0982 7.32343 -2.37743 0 0 0.0931036 0 0 0 0 5.2393
47.6485 7.31537 2.30986 0 0 0.0932751 0 0 0 0 19.0594
50.3513 -1.38682 2.50225 0 0 0.15274 0 0 0 0 20.1405
26.9277 3.15411 -1.03933 0 0 0.141766 0 0 0 0 10.7711
18.5092 1.10187 -0.167557 0 0 0.244711 0 0 0 0 7.40367
47.904 2.5832 2.03684 0 0 0.142439 0 0 0 0 19.1616
56.9213 -5.72704 -5.49594 0 0 0.091698 0 0 0 0 22.7685
38.7548 3.24508 -4.55025 0 0 0.10928 0 0 0 0 15.5019
63.994 -7.36433 -2.29507 0 0 0.0930191 0 0 0 0 25.5976
82.4653 3.09698 4.12293 0 0 0.113769 0 0 0 0 32.9861
41.8311 -3.37382 -5.45815 0 0 0.101987 0 0 0 0 16.7324
20.8438 -4.7065 2.77648 0 0 0.110517 0 0 0 0 8.33753
16.3009 3.05283 -5.74897 0 0 0.10126 0 0 0 0 6.52034
33.9564 -3.07843 1.96563 0 0 0.135179 0 0 0 0 13.5826
21.8848 -8.51218 -2.92939 0 0 0.0861053 0 0 0 0 8.75393
74.9312 -3.02165 -6.45807 0 0 0.0967515 0 0 0 0 29.9725
84.6681 -1.41418 -0.203549 0 0 0.216134 0 0 0 0 33.8672
72.0115 -7.32531 5.88033 0 0 0.0842923 0 0 0 0 28.8046
85.6954 -1.79966 -3.49265 0 0 0.130334 0 0 0 0 34.2781
50.8264 0.0714985 3.13939 0 0 0.145789 0 0 0 0 20.3306
